<?xml version="1.0"?>
<opencv_storage>
<NumFeatures>7</NumFeatures>
<Data>
  <_ type_id="opencv-matrix">
    <rows>1</rows>
    <cols>14</cols>
    <dt>f</dt>
    <data>
      103. 101. 64. 63. 36. 29. 68. 68. 43. 95. 40. 26. 42. 26.</data></_>
  <_ type_id="opencv-matrix">
    <rows>1</rows>
    <cols>14</cols>
    <dt>f</dt>
    <data>
      69. 66. 39. 93. 99. 97. 65. 60. 36. 22. 36. 24. 41. 27.</data></_>
  <_ type_id="opencv-matrix">
    <rows>1</rows>
    <cols>14</cols>
    <dt>f</dt>
    <data>
      72. 51. 101. 105. 34. 95. 28. 27. 92. 99. 37. 92. 92. 96.</data></_>
  <_ type_id="opencv-matrix">
    <rows>1</rows>
    <cols>14</cols>
    <dt>f</dt>
    <data>
      70. 56. 66. 48. 30. 12. 18. 107. 112. 113. 50. 14. 54. 8.</data></_>
  <_ type_id="opencv-matrix">
    <rows>1</rows>
    <cols>14</cols>
    <dt>f</dt>
    <data>
      72. 70. 36. 103. 69. 66. 113. 108. 22. 11. 69. 69. 110. 110.</data></_>
  <_ type_id="opencv-matrix">
    <rows>1</rows>
    <cols>14</cols>
    <dt>f</dt>
    <data>
      79. 72. 76. 68. 47. 103. 99. 101. 21. 25. 97. 101. 20. 23.</data></_>
  <_ type_id="opencv-matrix">
    <rows>1</rows>
    <cols>14</cols>
    <dt>f</dt>
    <data>
      65. 50. 70. 59. 29. 99. 106. 109. 30. 19. 50. 25. 55. 19.</data></_>
  <_ type_id="opencv-matrix">
    <rows>1</rows>
    <cols>14</cols>
    <dt>f</dt>
    <data>
      66. 59. 101. 99. 32. 106. 40. 9. 87. 99. 64. 48. 84. 104.</data></_>
  <_ type_id="opencv-matrix">
    <rows>1</rows>
    <cols>14</cols>
    <dt>f</dt>
    <data>
      71. 66. 68. 62. 106. 97. 42. 100. 30. 30. 33. 28. 27. 24.</data></_>
  <_ type_id="opencv-matrix">
    <rows>1</rows>
    <cols>14</cols>
    <dt>f</dt>
    <data>
      69. 69. 34. 8. 54. 110. 33. 12. 91. 107. 57. 110. 65. 57.</data></_>
  <_ type_id="opencv-matrix">
    <rows>1</rows>
    <cols>14</cols>
    <dt>f</dt>
    <data>
      91. 93. 45. 91. 51. 24. 64. 58. 64. 61. 62. 57. 55. 66.</data></_>
  <_ type_id="opencv-matrix">
    <rows>1</rows>
    <cols>14</cols>
    <dt>f</dt>
    <data>
      70. 63. 109. 103. 27. 13. 35. 104. 66. 55. 92. 83. 49. 30.</data></_>
  <_ type_id="opencv-matrix">
    <rows>1</rows>
    <cols>14</cols>
    <dt>f</dt>
    <data>
      28. 103. 29. 14. 112. 104. 69. 59. 66. 53. 63. 63. 45. 17.</data></_>
  <_ type_id="opencv-matrix">
    <rows>1</rows>
    <cols>14</cols>
    <dt>f</dt>
    <data>
      63. 47. 68. 56. 120. 105. 20. 103. 26. 11. 34. 94. 60. 50.</data></_>
  <_ type_id="opencv-matrix">
    <rows>1</rows>
    <cols>14</cols>
    <dt>f</dt>
    <data>
      66. 56. 45. 94. 88. 91. 46. 27. 70. 63. 62. 66. 57. 64.</data></_>
  <_ type_id="opencv-matrix">
    <rows>1</rows>
    <cols>14</cols>
    <dt>f</dt>
    <data>
      64. 49. 61. 58. 45. 15. 69. 58. 40. 97. 93. 101. 56. 52.</data></_>
  <_ type_id="opencv-matrix">
    <rows>1</rows>
    <cols>14</cols>
    <dt>f</dt>
    <data>
      71. 62. 103. 86. 67. 58. 32. 37. 41. 96. 68. 60. 39. 38.</data></_>
  <_ type_id="opencv-matrix">
    <rows>1</rows>
    <cols>14</cols>
    <dt>f</dt>
    <data>
      66. 60. 90. 98. 44. 93. 49. 22. 64. 54. 52. 26. 85. 90.</data></_>
  <_ type_id="opencv-matrix">
    <rows>1</rows>
    <cols>14</cols>
    <dt>f</dt>
    <data>
      68. 60. 30. 98. 110. 102. 32. 11. 65. 54. 36. 92. 60. 67.</data></_>
  <_ type_id="opencv-matrix">
    <rows>1</rows>
    <cols>14</cols>
    <dt>f</dt>
    <data>
      74. 54. 70. 48. 106. 107. 24. 12. 30. 110. 38. 102. 64. 63.</data></_>
  <_ type_id="opencv-matrix">
    <rows>1</rows>
    <cols>14</cols>
    <dt>f</dt>
    <data>
      76. 68. 72. 63. 34. 35. 36. 89. 99. 91. 73. 68. 39. 35.</data></_>
  <_ type_id="opencv-matrix">
    <rows>1</rows>
    <cols>14</cols>
    <dt>f</dt>
    <data>
      75. 63. 101. 99. 70. 58. 36. 102. 32. 19. 32. 22. 39. 102.</data></_>
  <_ type_id="opencv-matrix">
    <rows>1</rows>
    <cols>14</cols>
    <dt>f</dt>
    <data>
      118. 114. 76. 56. 70. 48. 21. 116. 19. 6. 118. 106. 19. 8.</data></_>
  <_ type_id="opencv-matrix">
    <rows>1</rows>
    <cols>14</cols>
    <dt>f</dt>
    <data>
      66. 64. 102. 82. 41. 27. 61. 58. 39. 88. 41. 31. 92. 81.</data></_>
  <_ type_id="opencv-matrix">
    <rows>1</rows>
    <cols>14</cols>
    <dt>f</dt>
    <data>
      68. 61. 62. 54. 125. 103. 27. 103. 19. 10. 60. 57. 109. 91.</data></_>
  <_ type_id="opencv-matrix">
    <rows>1</rows>
    <cols>14</cols>
    <dt>f</dt>
    <data>
      67. 64. 42. 37. 42. 88. 102. 90. 38. 40. 62. 58. 63. 71.</data></_>
  <_ type_id="opencv-matrix">
    <rows>1</rows>
    <cols>14</cols>
    <dt>f</dt>
    <data>
      116. 119. 69. 46. 77. 57. 9. 108. 31. 4. 117. 107. 31. 8.</data></_>
  <_ type_id="opencv-matrix">
    <rows>1</rows>
    <cols>14</cols>
    <dt>f</dt>
    <data>
      71. 61. 67. 54. 110. 108. 30. 107. 25. 8. 25. 10. 44. 96.</data></_>
  <_ type_id="opencv-matrix">
    <rows>1</rows>
    <cols>14</cols>
    <dt>f</dt>
    <data>
      46. 29. 88. 89. 54. 91. 65. 64. 63. 60. 62. 66. 61. 63.</data></_>
  <_ type_id="opencv-matrix">
    <rows>1</rows>
    <cols>14</cols>
    <dt>f</dt>
    <data>
      71. 56. 70. 58. 70. 54. 41. 30. 101. 93. 35. 92. 91. 90.</data></_></Data>
<NumExamples>30</NumExamples>
</opencv_storage>
